lastAccountName: CowboyBee
timestamps:
  login: 1585316886011
ipAddress: 179.216.200.52
lastlocation:
  world: world
  x: -534.6336359947464
  y: 63.166109260938214
  z: 500.7569165975058
  yaw: -3.7032418
  pitch: 7.649863
