lastAccountName: clodily
timestamps:
  login: 1584992789501
  logout: 1584993106030
ipAddress: 179.217.122.182
logoutlocation:
  world: world
  x: -348.0389532757336
  y: 63.0
  z: 460.76408698619724
  yaw: 237.02386
  pitch: 12.600003
