lastAccountName: Beretta711
timestamps:
  login: 1585330838157
  lastteleport: 1585338144969
  kits:
    tools: 1585018771137
  logout: 1585327723203
ipAddress: 187.123.1.159
lastlocation:
  world: world
  x: -505.1873516787254
  y: 62.0
  z: -827.3100771631441
  yaw: -104.84866
  pitch: 59.99994
logoutlocation:
  world: world
  x: -516.311722653583
  y: 138.0
  z: -816.6999999880791
  yaw: 356.53918
  pitch: 32.100403
homes:
  home:
    world: world
    x: -519.1336047704145
    y: 137.5
    z: -810.347083938567
    yaw: -189.74615
    pitch: 26.399529
afk: false
