lastAccountName: Beretta711
timestamps:
  login: 1585468224813
  lastteleport: 1585474956722
  kits:
    tools: 1585018771137
  logout: 1585476359500
ipAddress: 187.123.1.159
lastlocation:
  world: world
  x: -584.5
  y: 71.0000002
  z: 315.5
  yaw: 0.0
  pitch: 0.0
logoutlocation:
  world: world
  x: -569.6999999880791
  y: 71.0
  z: 330.52655380960863
  yaw: -89.68689
  pitch: 0.90000623
homes:
  home:
    world: world
    x: -582.2375000119209
    y: 75.0
    z: 315.73307568282115
    yaw: -180.4812
    pitch: 5.1007004
afk: false
