lastAccountName: Beretta711
timestamps:
  login: 1585204588958
  lastteleport: 1585215264826
  kits:
    tools: 1585018771137
  logout: 1585215456224
ipAddress: 187.123.1.159
lastlocation:
  world: world
  x: -587.3586984437683
  y: 75.0
  z: 315.76249998807907
  yaw: -225.0957
  pitch: 22.499409
logoutlocation:
  world: world
  x: -536.8456554650165
  y: 102.0
  z: 394.50295426352193
  yaw: -354.29556
  pitch: -1.49991
homes:
  home:
    world: world
    x: -588.2076522990537
    y: 75.0
    z: 315.76249998807907
    yaw: -179.22406
    pitch: 18.601328
afk: false
