lastAccountName: Beretta711
timestamps:
  login: 1585108004446
  lastteleport: 1585113600357
  kits:
    tools: 1585018771137
  logout: 1585113635381
ipAddress: 187.123.1.159
lastlocation:
  world: world
  x: -917.2147292376742
  y: 8.0
  z: 233.06824987396567
  yaw: 106.38989
  pitch: -0.75019807
logoutlocation:
  world: world
  x: -537.6522326224522
  y: 102.0
  z: 396.8976378712123
  yaw: 8.96814
  pitch: -4.349623
homes:
  home:
    world: world
    x: -537.0711665712394
    y: 102.0
    z: 394.8599756625799
    yaw: 359.3668
    pitch: 7.6504464
afk: false
