lastAccountName: Beretta711
timestamps:
  login: 1585395758147
  lastteleport: 1585395764295
  kits:
    tools: 1585018771137
  logout: 1585414867743
ipAddress: 187.123.1.159
lastlocation:
  world: world_nether
  x: -88.46371733366877
  y: 122.0
  z: 93.69297313728437
  yaw: -77.09906
  pitch: 14.399609
logoutlocation:
  world: world
  x: -517.9386663585888
  y: 137.5
  z: -802.7375894752988
  yaw: 132.01123
  pitch: 2.0995646
homes:
  home:
    world: world
    x: -582.2375000119209
    y: 75.0
    z: 315.73307568282115
    yaw: -180.4812
    pitch: 5.1007004
afk: false
