lastAccountName: Zilas
timestamps:
  login: 1585245690785
  logout: 1585245740794
ipAddress: 191.33.223.32
logoutlocation:
  world: world
  x: -580.9111964735176
  y: 108.0
  z: 324.7986811509755
  yaw: -196.3819
  pitch: -17.849983
