lastAccountName: Zilas
timestamps:
  login: 1584990377569
  logout: 1584991872876
ipAddress: 189.59.59.46
logoutlocation:
  world: world
  x: -579.195131141883
  y: 108.0
  z: 325.930314681662
  yaw: 215.81859
  pitch: 1.0499917
