lastAccountName: SaciDePatinete
timestamps:
  login: 1585434639485
  logout: 1585434664507
  kits:
    tools: 1585375552739
  lastteleport: 1585376424139
ipAddress: 201.71.184.20
logoutlocation:
  world: world
  x: -1544.6995564315419
  y: 63.0
  z: 1498.0314388213815
  yaw: -11.990753
  pitch: 9.750638
lastlocation:
  world: world
  x: -1628.9212059507013
  y: 61.0
  z: 1531.6124152016766
  yaw: -116.2517
  pitch: 34.199966
