lastAccountName: SaciDePatinete
timestamps:
  login: 1585375946027
  logout: 1585376963428
  kits:
    tools: 1585375552739
  lastteleport: 1585376424139
ipAddress: 201.71.141.108
logoutlocation:
  world: world
  x: -1566.7189339350537
  y: 64.5
  z: 1505.3118717129018
  yaw: 325.0783
  pitch: 8.700142
lastlocation:
  world: world
  x: -1628.9212059507013
  y: 61.0
  z: 1531.6124152016766
  yaw: -116.2517
  pitch: 34.199966
