lastAccountName: SaciDePatinete
timestamps:
  login: 1585281648521
  logout: 1585285722632
  kits:
    tools: 1585284039280
  lastteleport: 1585284024315
ipAddress: 201.71.176.251
logoutlocation:
  world: world
  x: -1499.944049820056
  y: 73.0
  z: 1682.9655671570604
  yaw: 94.98044
  pitch: 22.649397
lastlocation:
  world: world
  x: -534.781189006388
  y: 66.0
  z: 566.9661356702218
  yaw: 153.74615
  pitch: 25.799862
