lastAccountName: Gustavo Beraldo
timestamps:
  login: 1585114080719
  lastteleport: 1585114304849
  logout: 1585114329378
ipAddress: 187.123.0.236
lastlocation:
  world: world
  x: -568.9181366646636
  y: 88.5
  z: 388.1243394913866
  yaw: 71.55031
  pitch: 38.699978
logoutlocation:
  world: world
  x: -533.8862149856451
  y: 64.5
  z: 504.34962986343425
  yaw: -183.14998
  pitch: -6.3000073
afk: false
