lastAccountName: Gustavo Beraldo
timestamps:
  login: 1585282262147
  lastteleport: 1585285218217
  logout: 1585285338583
ipAddress: 187.123.1.168
lastlocation:
  world: world
  x: -2316.670841570463
  y: 70.0
  z: -3201.7183271400177
  yaw: 278.29202
  pitch: 4.9496827
logoutlocation:
  world: world
  x: -546.6898980367089
  y: 79.0
  z: 372.62507811972574
  yaw: -322.8008
  pitch: 23.250206
afk: false
homes:
  home:
    world: world
    x: -2301.1334773763438
    y: 70.0
    z: -3199.0342064447677
    yaw: 95.89209
    pitch: 24.899666
