lastAccountName: Gustavo Beraldo
timestamps:
  login: 1585254851391
  lastteleport: 1585200333773
  logout: 1585247603741
ipAddress: 187.123.1.168
lastlocation:
  world: world
  x: -557.6999999880791
  y: 81.0
  z: 203.31444900480975
  yaw: 45.296753
  pitch: 11.999967
logoutlocation:
  world: world
  x: -590.2841120864025
  y: 72.0
  z: 273.8844022035227
  yaw: 8.122253
  pitch: -0.2999376
afk: false
