lastAccountName: Gustavo Beraldo
timestamps:
  login: 1585333377067
  lastteleport: 1585333860321
  logout: 1585333887723
ipAddress: 187.123.1.168
lastlocation:
  world: world
  x: -524.405209183541
  y: 59.0
  z: 429.86089606716683
  yaw: 218.2496
  pitch: 4.0500083
logoutlocation:
  world: world
  x: -537.9892974828953
  y: 101.0
  z: 382.30000001192093
  yaw: -116.250435
  pitch: 9.150005
afk: false
homes:
  home:
    world: world
    x: -2301.1334773763438
    y: 70.0
    z: -3199.0342064447677
    yaw: 95.89209
    pitch: 24.899666
