lastAccountName: Gustavo Beraldo
timestamps:
  login: 1585198690227
  lastteleport: 1585200333773
  logout: 1585201738323
ipAddress: 187.123.1.168
lastlocation:
  world: world
  x: -557.6999999880791
  y: 81.0
  z: 203.31444900480975
  yaw: 45.296753
  pitch: 11.999967
logoutlocation:
  world: world
  x: -595.0243054811581
  y: 71.0
  z: 270.9730737926689
  yaw: 351.32227
  pitch: -17.699724
afk: false
