lastAccountName: PlayerNaju
timestamps:
  login: 1585004159408
  lastteleport: 1585004231527
ipAddress: 191.33.16.237
lastlocation:
  world: world
  x: -533.769799682069
  y: 64.5
  z: 550.6307216386516
  yaw: -357.44482
  pitch: 19.349968
