lastAccountName: MarandoGamer
timestamps:
  login: 1585208224871
  lastteleport: 1585215256944
  logout: 1585215478773
  kits:
    tools: 1585097131041
ipAddress: 189.40.77.174
lastlocation:
  world: world
  x: -587.4875000119209
  y: 75.0
  z: 313.90200500454233
  yaw: 149.71318
  pitch: 16.650108
logoutlocation:
  world: world
  x: -536.1984104649107
  y: 102.0
  z: 397.03523252599126
  yaw: 114.74689
  pitch: 1.1996654
afk: false
homes: {}
