lastAccountName: MarandoGamer
timestamps:
  login: 1585473634037
  lastteleport: 1585475060102
  logout: 1585475533153
  kits:
    tools: 1585097131041
ipAddress: 177.41.94.205
lastlocation:
  world: world
  x: -583.5
  y: 71.0000002
  z: 317.5
  yaw: 0.30000004
  pitch: -0.90000015
logoutlocation:
  world: world
  x: -584.5548217036707
  y: 71.0
  z: 309.95970274641473
  yaw: 254.55487
  pitch: -2.2499037
afk: false
homes:
  home:
    world: world
    x: -583.1848251640574
    y: 71.0
    z: 310.7799961872241
    yaw: 178.49115
    pitch: 10.349665
