lastAccountName: MarandoGamer
timestamps:
  login: 1585294286154
  lastteleport: 1585303649382
  logout: 1585303888642
  kits:
    tools: 1585097131041
ipAddress: 189.40.77.108
lastlocation:
  world: world
  x: -517.2010138927888
  y: 149.34523850186554
  z: -825.9680291839444
  yaw: -8.857009
  pitch: 11.849382
logoutlocation:
  world: world
  x: -582.3308284162086
  y: 71.0
  z: 309.69959553430147
  yaw: 184.34914
  pitch: 10.950276
afk: false
homes:
  home:
    world: world
    x: -579.9088145166575
    y: 71.0
    z: 310.14355613220147
    yaw: 145.20361
    pitch: 21.000431
