lastAccountName: MarandoGamer
timestamps:
  login: 1585333339530
  lastteleport: 1585338320267
  logout: 1585333196472
  kits:
    tools: 1585097131041
ipAddress: 191.33.160.50
lastlocation:
  world: world
  x: -679.9402657923104
  y: 99.0
  z: 379.8970554291118
  yaw: -4.786804
  pitch: 19.200058
logoutlocation:
  world: world
  x: -502.30000001192093
  y: 65.0
  z: -806.6999999880791
  yaw: 91.48886
  pitch: -7.1994257
afk: false
homes:
  home:
    world: world
    x: -579.9088145166575
    y: 71.0
    z: 310.14355613220147
    yaw: 145.20361
    pitch: 21.000431
