lastAccountName: MarandoGamer
timestamps:
  login: 1585413835428
  lastteleport: 1585418644830
  logout: 1585377059224
  kits:
    tools: 1585097131041
ipAddress: 177.41.94.205
lastlocation:
  world: world
  x: -539.3332050803575
  y: 101.0
  z: 392.84139078561054
  yaw: 353.99454
  pitch: 61.049778
logoutlocation:
  world: world_nether
  x: -85.07251659050948
  y: 73.0
  z: 94.44434565971818
  yaw: 87.45184
  pitch: -44.399887
afk: false
homes:
  home:
    world: world
    x: -583.1848251640574
    y: 71.0
    z: 310.7799961872241
    yaw: 178.49115
    pitch: 10.349665
