lastAccountName: MarandoGamer
timestamps:
  login: 1585330157628
  lastteleport: 1585330258078
  logout: 1585328929596
  kits:
    tools: 1585097131041
ipAddress: 191.33.160.50
lastlocation:
  world: world
  x: -582.8494718449855
  y: 71.0
  z: 310.5413000195075
  yaw: 230.1036
  pitch: 9.0
logoutlocation:
  world: world
  x: -438.79371746857606
  y: 66.0
  z: -744.7813794009523
  yaw: 271.04865
  pitch: 8.400201
afk: false
homes:
  home:
    world: world
    x: -579.9088145166575
    y: 71.0
    z: 310.14355613220147
    yaw: 145.20361
    pitch: 21.000431
