lastAccountName: MarandoGamer
timestamps:
  login: 1585254658750
  lastteleport: 1585253029907
  logout: 1585253799795
  kits:
    tools: 1585097131041
ipAddress: 201.86.178.21
lastlocation:
  world: world
  x: -572.519287379683
  y: 74.0
  z: 403.30000001192093
  yaw: 181.79874
  pitch: 8.850507
logoutlocation:
  world: world
  x: -541.7537740785119
  y: 102.0
  z: 384.74130960606857
  yaw: 275.5702
  pitch: 15.299286
afk: false
homes: {}
