lastAccountName: MarandoGamer
timestamps:
  login: 1585028495039
  lastteleport: 1585023060679
  logout: 1585028520071
ipAddress: 177.98.162.215
lastlocation:
  world: world
  x: -716.1226723918817
  y: 10.729069411947487
  z: 71.81565735821967
  yaw: 208.66187
  pitch: 76.799446
logoutlocation:
  world: world
  x: -667.6632834119225
  y: 65.0
  z: 764.1364119004742
  yaw: -53.401592
  pitch: 34.64984
