lastAccountName: AmigoZeiTodo
timestamps:
  login: 1585005882700
  logout: 1585007640867
ipAddress: 179.180.4.1
logoutlocation:
  world: world
  x: -445.7055870803281
  y: 27.0
  z: 369.69999998807907
  yaw: 31.901123
  pitch: 1.6184729
