lastAccountName: AmigoZeiTodo
timestamps:
  login: 1585183676621
  logout: 1585185938934
  lastteleport: 1585185593290
ipAddress: 177.98.41.122
logoutlocation:
  world: world
  x: -468.700000025332
  y: 84.0000002
  z: 378.299999974668
  yaw: 202.01753
  pitch: 6.5310736
lastlocation:
  world: world
  x: -559.9522976189544
  y: 68.0
  z: 442.6434806212913
  yaw: 89.86963
  pitch: 15.600521
