lastAccountName: Rolinha
timestamps:
  login: 1585185329500
  logout: 1585189256232
  lastteleport: 1585185864950
ipAddress: 177.203.6.179
logoutlocation:
  world: world
  x: -490.26664391809516
  y: 67.0
  z: 128.97802717749659
  yaw: -21.23413
  pitch: 16.199995
lastlocation:
  world: world
  x: -514.5734833497656
  y: 102.0
  z: 389.469298680622
  yaw: -161.37177
  pitch: 51.398453
homes:
  home:
    world: world
    x: -490.67411404990673
    y: 64.0
    z: 164.96477331269293
    yaw: -353.17505
    pitch: 13.499914
afk: false
