lastAccountName: Rolinha
timestamps:
  login: 1585111039543
  logout: 1585113681076
  lastteleport: 1585110223451
ipAddress: 177.201.49.255
logoutlocation:
  world: world
  x: -490.63318531037794
  y: 67.0
  z: 126.51725100125721
  yaw: -317.56445
  pitch: 22.7993
lastlocation:
  world: world
  x: -513.4245784489807
  y: 102.0
  z: 383.77184260147476
  yaw: 46.718597
  pitch: 0.9033813
homes:
  home:
    world: world
    x: -490.67411404990673
    y: 64.0
    z: 164.96477331269293
    yaw: -353.17505
    pitch: 13.499914
afk: false
