lastAccountName: Rolinha
timestamps:
  login: 1585321431295
  logout: 1585321836392
  lastteleport: 1585321798632
ipAddress: 177.203.6.198
logoutlocation:
  world: world
  x: -534.5
  y: 66.0999984741211
  z: 566.5
  yaw: 0.0
  pitch: 0.0
lastlocation:
  world: world
  x: -539.1671508328334
  y: 63.75568430510926
  z: 572.2464192690057
  yaw: -174.15012
  pitch: -15.150015
homes:
  home:
    world: world
    x: -490.67411404990673
    y: 64.0
    z: 164.96477331269293
    yaw: -353.17505
    pitch: 13.499914
afk: false
