lastAccountName: CasinhoBR
timestamps:
  login: 1585003466631
  logout: 1585003466478
  lastteleport: 1585004059559
ipAddress: 168.195.193.50
logoutlocation:
  world: world
  x: -756.6185459310614
  y: 17.0
  z: 433.4159357297341
  yaw: 182.8395
  pitch: 12.488862
lastlocation:
  world: world
  x: -732.6999999880791
  y: 11.0
  z: 375.4346684218836
  yaw: -140.0188
  pitch: 21.456808
