lastAccountName: CasinhoBR
timestamps:
  login: 1585347958909
  logout: 1585349847590
  lastteleport: 1585349731682
ipAddress: 168.195.193.50
logoutlocation:
  world: world
  x: -686.9418171351598
  y: 98.5
  z: 425.6858367151641
  yaw: 211.09717
  pitch: 17.857279
lastlocation:
  world: world
  x: -683.8365400962058
  y: 97.0
  z: 425.46086490771825
  yaw: -276.7668
  pitch: 24.643135
