lastAccountName: CasinhoBR
timestamps:
  login: 1585328399769
  logout: 1585329820049
  lastteleport: 1585329726799
ipAddress: 168.195.193.50
logoutlocation:
  world: world
  x: -688.6656912230106
  y: 93.0
  z: 424.4898911189084
  yaw: 319.4297
  pitch: 35.742622
lastlocation:
  world: world
  x: -581.6174306055153
  y: 71.0
  z: 254.10881408331127
  yaw: -358.39587
  pitch: 16.746353
