lastAccountName: CasinhoBR
timestamps:
  login: 1585017471485
  logout: 1585031239264
  lastteleport: 1585031231415
ipAddress: 168.195.193.50
logoutlocation:
  world: world
  x: -541.5
  y: 107.0
  z: 289.5
  yaw: 0.0
  pitch: 0.0
lastlocation:
  world: world
  x: -552.5128415646248
  y: 96.0
  z: 379.33748250667304
  yaw: -171.20697
  pitch: 5.7753115
