lastAccountName: CasinhoBR
timestamps:
  login: 1585439981211
  logout: 1585453651006
  lastteleport: 1585452437725
ipAddress: 168.195.193.46
logoutlocation:
  world: world
  x: -1567.9613502107961
  y: 66.0
  z: 1411.6174186761489
  yaw: 32.99922
  pitch: 24.29984
lastlocation:
  world: world
  x: -1572.699999988079
  y: 79.0
  z: 1397.004560466386
  yaw: 17.095123
  pitch: 17.549376
