lastAccountName: CasinhoBR
timestamps:
  login: 1585335626880
  logout: 1585335683065
  lastteleport: 1585329726799
ipAddress: 168.195.193.50
logoutlocation:
  world: world
  x: -678.1599028287137
  y: 93.0
  z: 436.3897867417484
  yaw: -205.36156
  pitch: 18.949013
lastlocation:
  world: world
  x: -581.6174306055153
  y: 71.0
  z: 254.10881408331127
  yaw: -358.39587
  pitch: 16.746353
