lastAccountName: CasinhoBR
timestamps:
  login: 1585063049957
  logout: 1585063151113
  lastteleport: 1585031231415
ipAddress: 168.195.193.50
logoutlocation:
  world: world
  x: -561.0295363820177
  y: 103.0
  z: 314.9400674535875
  yaw: -158.2166
  pitch: -5.2169456
lastlocation:
  world: world
  x: -552.5128415646248
  y: 96.0
  z: 379.33748250667304
  yaw: -171.20697
  pitch: 5.7753115
