lastAccountName: Avatar
timestamps:
  login: 1585183357407
  logout: 1585183668032
ipAddress: 187.123.0.236
lastlocation:
  world: world
  x: -194.97293869603897
  y: 23.0
  z: 345.49051118198213
  yaw: 288.91077
  pitch: 15.750038
logoutlocation:
  world: world
  x: -533.6165520569305
  y: 66.0
  z: 567.797469412816
  yaw: 291.4499
  pitch: 24.30001
