lastAccountName: Avatar
timestamps:
  login: 1585248756137
  logout: 1585251073490
  lastteleport: 1585250069315
ipAddress: 187.123.1.168
lastlocation:
  world: world
  x: -535.0382395899844
  y: 66.0
  z: 567.2759663321551
  yaw: 0.0
  pitch: 0.0
logoutlocation:
  world: world
  x: -536.152912325143
  y: 102.0
  z: 382.5226383579737
  yaw: -1.5210836
  pitch: -19.4978
