lastAccountName: RafaelWhoa
timestamps:
  login: 1584983446541
  logout: 1584985275317
ipAddress: 177.98.171.223
lastlocation:
  world: world
  x: -527.5
  y: 63.0
  z: 563.5
  yaw: 1.9008198
  pitch: 0.0
logoutlocation:
  world: world
  x: -619.174500705863
  y: 30.0
  z: 353.49311451584384
  yaw: 44.326073
  pitch: 8.81897
