lastAccountName: RafaelWhoa
timestamps:
  login: 1585259402122
  logout: 1585263759701
  lastteleport: 1585110168431
ipAddress: 177.41.93.210
lastlocation:
  world: world
  x: -542.3000000119209
  y: 65.0
  z: 459.71496453475004
  yaw: -217.28223
  pitch: 3.4459639
logoutlocation:
  world: world
  x: -536.6999999880791
  y: 104.0
  z: 347.30000001192093
  yaw: -346.90137
  pitch: 9.040224
afk: false
homes:
  home:
    world: world
    x: -537.3124815617732
    y: 96.0
    z: 351.83187857250505
    yaw: -17.573925
    pitch: 12.569322
