lastAccountName: RafaelWhoa
timestamps:
  login: 1585025451049
  logout: 1585029520417
  lastteleport: 1585028460768
ipAddress: 177.98.171.223
lastlocation:
  world: world
  x: -300.6273588212051
  y: 68.0
  z: 381.6091578503285
  yaw: -164.97717
  pitch: 7.962175
logoutlocation:
  world: world
  x: -522.4194144417828
  y: 102.0
  z: 383.92500001192093
  yaw: -208.93384
  pitch: 25.008024
afk: false
homes:
  home:
    world: world
    x: -559.0722551648364
    y: 97.0
    z: 383.09666399323913
    yaw: -172.28217
    pitch: 13.305272
