lastAccountName: RafaelWhoa
timestamps:
  login: 1585330194247
  logout: 1585329052249
  lastteleport: 1585110168431
ipAddress: 177.41.93.210
lastlocation:
  world: world
  x: -528.1535254343745
  y: 96.0
  z: 362.05051843816005
  yaw: -350.43857
  pitch: 5.079183
logoutlocation:
  world: world
  x: -527.557516908046
  y: 96.0
  z: 358.13749998807907
  yaw: 55.052006
  pitch: 5.5200396
afk: false
homes:
  home:
    world: world
    x: -537.3124815617732
    y: 96.0
    z: 351.83187857250505
    yaw: -17.573925
    pitch: 12.569322
