lastAccountName: RafaelWhoa
timestamps:
  login: 1585101509579
  logout: 1585116638067
  lastteleport: 1585110168431
ipAddress: 189.59.40.39
lastlocation:
  world: world
  x: -542.3000000119209
  y: 65.0
  z: 459.71496453475004
  yaw: -217.28223
  pitch: 3.4459639
logoutlocation:
  world: world
  x: -533.6122796502299
  y: 101.0
  z: 358.13749998807907
  yaw: -10.570557
  pitch: 24.492702
afk: false
homes:
  home:
    world: world
    x: -537.3124815617732
    y: 96.0
    z: 351.83187857250505
    yaw: -17.573925
    pitch: 12.569322
