lastAccountName: RafaelWhoa
timestamps:
  login: 1585332674364
  logout: 1585335006518
  lastteleport: 1585110168431
ipAddress: 177.41.93.210
lastlocation:
  world: world
  x: -528.1535254343745
  y: 96.0
  z: 362.05051843816005
  yaw: -350.43857
  pitch: 5.079183
logoutlocation:
  world: world
  x: -523.5590071600204
  y: 100.0
  z: 346.3932607431874
  yaw: -202.51855
  pitch: 32.739185
afk: false
homes:
  home:
    world: world
    x: -537.3124815617732
    y: 96.0
    z: 351.83187857250505
    yaw: -17.573925
    pitch: 12.569322
