lastAccountName: Davigugu55
timestamps:
  login: 1585018538642
  kits:
    tools: 1585013541594
  lastteleport: 1585018903934
  logout: 1585019407182
ipAddress: 187.123.0.241
lastlocation:
  world: world
  x: -814.2021715629719
  y: 87.0
  z: 946.5145219702432
  yaw: 78.85913
  pitch: 10.467739
homes:
  home:
    world: world
    x: -770.3000000119209
    y: 59.0
    z: 964.6999999880791
    yaw: -183.80644
    pitch: 13.275662
afk: false
logoutlocation:
  world: world
  x: -1350.8601365040004
  y: 82.0
  z: 636.6640859921097
  yaw: 195.39449
  pitch: 18.104185
