lastAccountName: Davigugu55
timestamps:
  login: 1585373384712
  kits:
    tools: 1585013541594
  lastteleport: 1585378488544
  logout: 1585378584825
ipAddress: 187.123.0.241
lastlocation:
  world: world
  x: -534.5
  y: 66.0
  z: 566.5
  yaw: 0.0
  pitch: 0.0
homes:
  home:
    world: world
    x: -771.2333623829953
    y: 59.0
    z: 964.3000000119209
    yaw: -355.42258
    pitch: 16.200325
afk: false
logoutlocation:
  world: world
  x: -768.3000000119209
  y: 60.0
  z: 970.6999999880791
  yaw: 162.61823
  pitch: 25.404047
