lastAccountName: Davigugu55
timestamps:
  login: 1585279449126
  kits:
    tools: 1585013541594
  lastteleport: 1585285019570
  logout: 1585293266398
ipAddress: 187.123.0.241
lastlocation:
  world: world
  x: -766.5
  y: 59.0
  z: 966.5
  yaw: -178.16302
  pitch: -6.669608
homes:
  home:
    world: world
    x: -771.2333623829953
    y: 59.0
    z: 964.3000000119209
    yaw: -355.42258
    pitch: 16.200325
afk: false
logoutlocation:
  world: world
  x: -768.4311427086573
  y: 60.0
  z: 970.6999999880791
  yaw: 176.93091
  pitch: 14.741865
