lastAccountName: Davigugu55
timestamps:
  login: 1585252985735
  kits:
    tools: 1585013541594
  lastteleport: 1585246161598
  logout: 1585246164939
ipAddress: 187.123.0.241
lastlocation:
  world: world
  x: -2622.995164744669
  y: 70.0
  z: 3516.782662821917
  yaw: 83.709145
  pitch: 22.054783
homes:
  home:
    world: world
    x: -771.2333623829953
    y: 59.0
    z: 964.3000000119209
    yaw: -355.42258
    pitch: 16.200325
afk: false
logoutlocation:
  world: world
  x: -768.8842317342373
  y: 59.0
  z: 968.6871870489641
  yaw: -23.994812
  pitch: 16.38136
