lastAccountName: Davigugu55
timestamps:
  login: 1585211392874
  kits:
    tools: 1585013541594
  lastteleport: 1585211645184
  logout: 1585192354030
ipAddress: 187.123.0.241
lastlocation:
  world: world
  x: -544.4377935923018
  y: 69.0
  z: 459.30000001192093
  yaw: 32.242767
  pitch: 23.788727
homes:
  home:
    world: world
    x: -770.1426239581373
    y: 59.0
    z: 964.3497220886163
    yaw: -333.73065
    pitch: 17.10717
afk: false
logoutlocation:
  world: world
  x: -768.1247445401833
  y: 59.0
  z: 965.5257681576468
  yaw: -100.60446
  pitch: 5.4308147
