lastAccountName: Davigugu55
timestamps:
  login: 1585458935460
  kits:
    tools: 1585013541594
  lastteleport: 1585460006482
  logout: 1585460420915
ipAddress: 187.123.0.241
lastlocation:
  world: world
  x: -771.5
  y: 59.0
  z: 964.5
  yaw: -356.78058
  pitch: 16.351185
homes:
  home:
    world: world
    x: -771.2333623829953
    y: 59.0
    z: 964.3000000119209
    yaw: -355.42258
    pitch: 16.200325
afk: false
logoutlocation:
  world: world
  x: -759.119309218348
  y: 64.0
  z: 955.9024692120943
  yaw: 77.58364
  pitch: 21.170336
