lastAccountName: Davigugu55
timestamps:
  login: 1585118249682
  kits:
    tools: 1585013541594
  lastteleport: 1585117887629
  logout: 1585118219716
ipAddress: 187.123.0.241
lastlocation:
  world: world
  x: -920.5
  y: 12.0
  z: 239.5
  yaw: 20.696442
  pitch: -8.372295
homes:
  home:
    world: world
    x: -770.1426239581373
    y: 59.0
    z: 964.3497220886163
    yaw: -333.73065
    pitch: 17.10717
afk: false
logoutlocation:
  world: world
  x: -770.5901000234975
  y: 59.0
  z: 965.1502770552542
  yaw: -294.93964
  pitch: 9.713556
