lastAccountName: Mateus540
timestamps:
  login: 1585354539685
  logout: 1585355706138
  lastteleport: 1585354609887
ipAddress: 200.163.48.8
lastlocation:
  world: world
  x: -533.7923296553831
  y: 66.0
  z: 566.2154470397248
  yaw: -241.2628
  pitch: 24.51718
logoutlocation:
  world: world
  x: -534.4201982594915
  y: 66.0
  z: 563.6810908896031
  yaw: -42.539024
  pitch: 28.446287
