lastAccountName: Ighorpm
timestamps:
  login: 1585321089265
  logout: 1585321317196
ipAddress: 187.123.26.216
logoutlocation:
  world: world
  x: -687.9117971115604
  y: 109.0
  z: 396.90724945558355
  yaw: -223.06824
  pitch: 6.3000665
