lastAccountName: Belphegor
timestamps:
  login: 1585017958091
  logout: 1585028607217
  lastteleport: 1585028319438
ipAddress: 187.123.9.235
logoutlocation:
  world: world
  x: -464.1124717240534
  y: 64.0
  z: 451.9710565579045
  yaw: 37.605988
  pitch: 29.849815
lastlocation:
  world: world
  x: -534.3898147269715
  y: 66.0
  z: 566.3046830664667
  yaw: 95.70002
  pitch: 11.549995
afk: false
