lastAccountName: Belphegor
timestamps:
  login: 1585184644613
  logout: 1585186798233
  lastteleport: 1585186702986
ipAddress: 187.123.9.235
logoutlocation:
  world: world
  x: -509.2477218177072
  y: 100.0
  z: 326.2979934443543
  yaw: -6.028671
  pitch: 21.600163
lastlocation:
  world: world
  x: -540.5
  y: 132.0000002
  z: 396.5
  yaw: -5.1000013
  pitch: 0.6000001
afk: false
