lastAccountName: grandejogada
timestamps:
  login: 1585008889462
  logout: 1585010225167
ipAddress: 187.123.0.206
afk: false
logoutlocation:
  world: world
  x: -600.5117808704906
  y: 61.0
  z: 428.30000001192093
  yaw: -3.266327
  pitch: 14.700542
