lastAccountName: grandejogada
timestamps:
  login: 1585192844649
  logout: 1585198745024
ipAddress: 187.123.0.206
afk: false
logoutlocation:
  world: world
  x: -582.418185017694
  y: 65.0
  z: 438.5160683090865
  yaw: -176.33534
  pitch: 4.5008125
