lastAccountName: grandejogada
timestamps:
  login: 1585103616387
  logout: 1585114443325
ipAddress: 187.123.0.206
afk: false
logoutlocation:
  world: world
  x: -582.5101704090807
  y: 65.0
  z: 438.38947202190565
  yaw: 198.90979
  pitch: 19.500237
