lastAccountName: grandejogada
timestamps:
  login: 1585272366271
  logout: 1585286053809
  lastteleport: 1585283562934
ipAddress: 187.123.0.206
afk: false
logoutlocation:
  world: world
  x: -583.3924211484522
  y: 65.0
  z: 438.1205164262217
  yaw: 214.48885
  pitch: 7.649777
lastlocation:
  world: world
  x: 4.907583275229191
  y: 11.0
  z: 440.38407513327985
  yaw: 89.01553
  pitch: -2.399498
