lastAccountName: grandejogada
timestamps:
  login: 1585355995472
  logout: 1585357962381
  lastteleport: 1585283562934
ipAddress: 187.123.0.206
afk: false
logoutlocation:
  world: world
  x: -578.4522841311003
  y: 65.0
  z: 438.19297705412157
  yaw: 251.17224
  pitch: 35.699814
lastlocation:
  world: world
  x: 4.907583275229191
  y: 11.0
  z: 440.38407513327985
  yaw: 89.01553
  pitch: -2.399498
