lastAccountName: SuubMatias
timestamps:
  login: 1585254783907
  lastteleport: 1585252984566
  logout: 1585253865245
ipAddress: 177.13.88.18
lastlocation:
  world: world
  x: -563.9569667926884
  y: 56.0
  z: 335.34132512955176
  yaw: -357.73068
  pitch: 6.3005314
logoutlocation:
  world: world
  x: -534.0169095393352
  y: 102.0
  z: 384.5079747035679
  yaw: -95.43674
  pitch: 26.54965
afk: false
homes:
  home:
    world: world
    x: -517.3331303466399
    y: 102.0
    z: 384.6551559199881
    yaw: 269.73526
    pitch: 12.899871
