lastAccountName: SuubMatias
timestamps:
  login: 1585333087729
  lastteleport: 1585321893158
  logout: 1585335513265
ipAddress: 177.13.88.18
lastlocation:
  world: world
  x: -551.2401747498972
  y: 59.0
  z: 579.2702722273777
  yaw: -129.87808
  pitch: -3.5999606
logoutlocation:
  world: world
  x: -560.940961206097
  y: 71.0
  z: 297.76896353494794
  yaw: -180.59229
  pitch: 17.099625
afk: false
homes:
  home:
    world: world
    x: -517.3331303466399
    y: 102.0
    z: 384.6551559199881
    yaw: 269.73526
    pitch: 12.899871
