lastAccountName: SuubMatias
timestamps:
  login: 1585398026264
  lastteleport: 1585355860138
  logout: 1585398587925
ipAddress: 177.13.88.18
lastlocation:
  world: world
  x: -1507.699999988079
  y: 63.0
  z: 1172.56944611318
  yaw: 167.6999
  pitch: 66.90018
logoutlocation:
  world: world
  x: -561.1567037543763
  y: 91.0
  z: 242.63257484405005
  yaw: 261.3744
  pitch: 40.19947
afk: false
homes:
  home:
    world: world
    x: -517.3331303466399
    y: 102.0
    z: 384.6551559199881
    yaw: 269.73526
    pitch: 12.899871
