lastAccountName: SuubMatias
timestamps:
  login: 1585448524012
  lastteleport: 1585449179337
  logout: 1585449502215
ipAddress: 177.13.88.18
lastlocation:
  world: world
  x: -512.7521439661384
  y: 64.0
  z: -833.7436188804118
  yaw: -95.86276
  pitch: 14.70013
logoutlocation:
  world: world
  x: -534.641082467405
  y: 100.79673560066871
  z: 379.1326029993855
  yaw: -230.72205
  pitch: -4.4993935
afk: false
homes:
  home:
    world: world
    x: -517.3331303466399
    y: 102.0
    z: 384.6551559199881
    yaw: 269.73526
    pitch: 12.899871
