lastAccountName: SuubMatias
timestamps:
  login: 1585119192666
  lastteleport: 1585119340296
  logout: 1585119453067
ipAddress: 177.13.90.242
lastlocation:
  world: world
  x: -751.3639605474043
  y: 17.0
  z: 295.0506695164273
  yaw: -309.64313
  pitch: 30.601295
logoutlocation:
  world: world
  x: -516.0758676105527
  y: 102.0
  z: 384.2815372455491
  yaw: -169.47876
  pitch: 32.850155
afk: false
