lastAccountName: SuubMatias
timestamps:
  login: 1585283942140
  lastteleport: 1585285220061
  logout: 1585286311852
ipAddress: 177.13.88.18
lastlocation:
  world: world
  x: -578.3000000119209
  y: 73.0
  z: 313.69999998807907
  yaw: -66.43271
  pitch: 8.100088
logoutlocation:
  world: world
  x: -517.5
  y: 102.0
  z: 384.5
  yaw: 269.73526
  pitch: 12.899871
afk: false
homes:
  home:
    world: world
    x: -517.3331303466399
    y: 102.0
    z: 384.6551559199881
    yaw: 269.73526
    pitch: 12.899871
