lastAccountName: SuubMatias
timestamps:
  login: 1584986952113
  lastteleport: 1584987145332
  logout: 1584987364828
ipAddress: 177.13.90.242
lastlocation:
  world: world
  x: -515.1716693894095
  y: 102.0
  z: 378.9563386129791
  yaw: 37.752502
  pitch: 34.649467
logoutlocation:
  world: world
  x: -515.8937787240834
  y: 102.0
  z: 384.50082934225355
  yaw: -174.29704
  pitch: 16.049955
