lastAccountName: SuubMatias
timestamps:
  login: 1585321040823
  lastteleport: 1585321893158
  logout: 1585321954692
ipAddress: 177.13.88.18
lastlocation:
  world: world
  x: -551.2401747498972
  y: 59.0
  z: 579.2702722273777
  yaw: -129.87808
  pitch: -3.5999606
logoutlocation:
  world: world
  x: -514.5063397197696
  y: 102.0
  z: 384.6189939516823
  yaw: 172.83614
  pitch: 24.149843
afk: false
homes:
  home:
    world: world
    x: -517.3331303466399
    y: 102.0
    z: 384.6551559199881
    yaw: 269.73526
    pitch: 12.899871
