lastAccountName: SuubMatias
timestamps:
  login: 1585023870835
  lastteleport: 1585026009304
  logout: 1585026956817
ipAddress: 177.13.90.242
lastlocation:
  world: world
  x: -551.5414456606255
  y: 111.0
  z: 299.6146402569461
  yaw: -91.3566
  pitch: 28.350065
logoutlocation:
  world: world
  x: -510.700000025332
  y: 102.0000002
  z: 383.299999974668
  yaw: 243.46564
  pitch: 0.0
afk: false
