lastAccountName: SuubMatias
timestamps:
  login: 1585142507468
  lastteleport: 1585119340296
  logout: 1585142524118
ipAddress: 177.13.90.242
lastlocation:
  world: world
  x: -751.3639605474043
  y: 17.0
  z: 295.0506695164273
  yaw: -309.64313
  pitch: 30.601295
logoutlocation:
  world: world
  x: -517.3357997527771
  y: 102.0
  z: 384.3402806321975
  yaw: 96.6219
  pitch: 10.350193
afk: false
