lastAccountName: NoTrabalho
timestamps:
  login: 1585241724061
  logout: 1585242051344
ipAddress: 200.140.139.186
logoutlocation:
  world: world
  x: -555.0413426093135
  y: 107.0
  z: 299.07499998807907
  yaw: -345.57507
  pitch: 45.150085
