lastAccountName: brbrendo
timestamps:
  login: 1585279067527
  logout: 1585279469371
ipAddress: 177.67.209.160
logoutlocation:
  world: world
  x: -516.5686052847844
  y: 102.0
  z: 389.8396221927904
  yaw: -150.71585
  pitch: 36.300095
