lastAccountName: '002'
timestamps:
  login: 1584985806546
  lastteleport: 1584985959729
  logout: 1584986004021
ipAddress: 187.123.1.223
lastlocation:
  world: world
  x: -535.7718335643536
  y: 66.0
  z: 563.6903931777304
  yaw: -172.79997
  pitch: 22.5
homes:
  home:
    world: world
    x: -534.2481911348451
    y: 64.5
    z: 553.3155588683727
    yaw: -180.29999
    pitch: 7.5000014
logoutlocation:
  world: world
  x: -534.3685177685346
  y: 64.5
  z: 526.614289845016
  yaw: -179.55005
  pitch: 7.8000016
