lastAccountName: TioPotranca
timestamps:
  login: 1585419053085
  lastteleport: 1585420060292
  logout: 1585420253831
  kits:
    firework: 1585411082537
ipAddress: 187.123.1.223
lastlocation:
  world: world
  x: -541.4040772289752
  y: 102.0
  z: 384.89024093329044
  yaw: -180.29836
  pitch: 5.699883
logoutlocation:
  world: world
  x: -497.343508139432
  y: 117.28177022085646
  z: 379.0514295322855
  yaw: -127.34825
  pitch: 17.549902
afk: false
godmode: false
homes:
  montanha:
    world: world
    x: -483.96476996198254
    y: 108.0
    z: 346.59817803348767
    yaw: -127.65808
    pitch: 27.150036
  caverna:
    world: world
    x: -487.6182362734647
    y: 10.0
    z: 144.69999998807907
    yaw: 94.3421
    pitch: 13.349896
  antiga:
    world: world
    x: -435.70419985423047
    y: 59.0
    z: 387.7284443774861
    yaw: -201.60814
    pitch: 16.350098
