lastAccountName: TioPotranca
timestamps:
  login: 1585453354463
  lastteleport: 1585453441130
  logout: 1585453452770
  kits:
    firework: 1585411082537
ipAddress: 187.123.1.223
lastlocation:
  world: world
  x: -1544.6056031553394
  y: 72.99261915124988
  z: 1474.7632167965958
  yaw: 272.6976
  pitch: 8.999497
logoutlocation:
  world: world
  x: -534.5
  y: 84.66827651839387
  z: 566.5
  yaw: -25.200005
  pitch: -46.19997
afk: false
godmode: false
homes:
  montanha:
    world: world
    x: -483.96476996198254
    y: 108.0
    z: 346.59817803348767
    yaw: -127.65808
    pitch: 27.150036
  caverna:
    world: world
    x: -487.6182362734647
    y: 10.0
    z: 144.69999998807907
    yaw: 94.3421
    pitch: 13.349896
  antiga:
    world: world
    x: -435.70419985423047
    y: 59.0
    z: 387.7284443774861
    yaw: -201.60814
    pitch: 16.350098
