lastAccountName: TioPotranca
timestamps:
  login: 1585101306201
  lastteleport: 1585101828872
  logout: 1585101886624
  kits:
    firework: 1585097017139
ipAddress: 187.123.1.223
lastlocation:
  world: world
  x: -919.015835060744
  y: 9.0
  z: 234.49917226394714
  yaw: 217.08337
  pitch: 26.40022
logoutlocation:
  world: world
  x: -484.17215383347894
  y: 99.37349413120124
  z: 402.0361369485006
  yaw: 327.60312
  pitch: -35.700005
afk: false
godmode: false
homes:
  montanha:
    world: world
    x: -483.96476996198254
    y: 108.0
    z: 346.59817803348767
    yaw: -127.65808
    pitch: 27.150036
  caverna:
    world: world
    x: -435.4296834035307
    y: 59.0
    z: 382.79448426605865
    yaw: -6.4581614
    pitch: 9.150141
