lastAccountName: TioPotranca
timestamps:
  login: 1585010202829
  lastteleport: 1585010564076
  logout: 1585010576469
ipAddress: 187.123.1.223
lastlocation:
  world: world
  x: -649.5267359932777
  y: 12.0
  z: 323.79229063539594
  yaw: -185.38164
  pitch: -2.3231554
logoutlocation:
  world: world
  x: -467.6476591554786
  y: 106.0
  z: 321.24769451599747
  yaw: -99.00802
  pitch: 17.250038
afk: false
godmode: false
homes:
  montanha:
    world: world
    x: -483.96476996198254
    y: 108.0
    z: 346.59817803348767
    yaw: -127.65808
    pitch: 27.150036
  caverna:
    world: world
    x: -435.4296834035307
    y: 59.0
    z: 382.79448426605865
    yaw: -6.4581614
    pitch: 9.150141
