lastAccountName: TioPotranca
timestamps:
  login: 1585319602481
  lastteleport: 1585320500136
  logout: 1585320613944
  kits:
    firework: 1585201419725
ipAddress: 187.123.2.76
lastlocation:
  world: world
  x: -435.30000001192093
  y: 60.0
  z: 390.69999998807907
  yaw: 38.70052
  pitch: 28.20013
logoutlocation:
  world: world
  x: -562.8477796914796
  y: 79.0
  z: 355.6745392792275
  yaw: 309.34512
  pitch: -1.6495938
afk: false
godmode: false
homes:
  montanha:
    world: world
    x: -483.96476996198254
    y: 108.0
    z: 346.59817803348767
    yaw: -127.65808
    pitch: 27.150036
  caverna:
    world: world
    x: -435.4296834035307
    y: 59.0
    z: 382.79448426605865
    yaw: -6.4581614
    pitch: 9.150141
