lastAccountName: TioPotranca
timestamps:
  login: 1585214650229
  lastteleport: 1585214296935
  logout: 1585214654726
  kits:
    firework: 1585201419725
ipAddress: 187.123.1.223
lastlocation:
  world: world
  x: -626.0667671779836
  y: 164.84182023834873
  z: 959.9912810820614
  yaw: 125.1835
  pitch: 35.396294
logoutlocation:
  world: world
  x: -531.6631455195097
  y: 96.0
  z: 385.8905384260299
  yaw: -95.257805
  pitch: 4.50016
afk: false
godmode: false
homes:
  montanha:
    world: world
    x: -483.96476996198254
    y: 108.0
    z: 346.59817803348767
    yaw: -127.65808
    pitch: 27.150036
  caverna:
    world: world
    x: -435.4296834035307
    y: 59.0
    z: 382.79448426605865
    yaw: -6.4581614
    pitch: 9.150141
