lastAccountName: TioPotranca
timestamps:
  login: 1585337990142
  lastteleport: 1585320500136
  logout: 1585338606017
  kits:
    firework: 1585201419725
ipAddress: 187.123.1.223
lastlocation:
  world: world
  x: -549.2758355064358
  y: 79.02442408821369
  z: 357.30000001192093
  yaw: 82.845215
  pitch: -1.0496053
logoutlocation:
  world: world
  x: -500.5063015826123
  y: 93.72114812526519
  z: 351.24153958614954
  yaw: -7.799739
  pitch: 17.400043
afk: false
godmode: false
homes:
  montanha:
    world: world
    x: -483.96476996198254
    y: 108.0
    z: 346.59817803348767
    yaw: -127.65808
    pitch: 27.150036
  caverna:
    world: world
    x: -435.4296834035307
    y: 59.0
    z: 382.79448426605865
    yaw: -6.4581614
    pitch: 9.150141
