lastAccountName: TioPotranca
timestamps:
  login: 1584984018598
  lastteleport: 1584984031822
  logout: 1584984042922
ipAddress: 187.123.1.223
lastlocation:
  world: world
  x: -432.5
  y: 59.0
  z: 387.050010069886
  yaw: 0.0
  pitch: 0.0
logoutlocation:
  world: world
  x: -432.5
  y: 59.0
  z: 388.6110865522077
  yaw: 0.0
  pitch: 0.0
afk: false
