lastAccountName: FimoseDeBaleia
timestamps:
  login: 1585366263589
  logout: 1585376963028
  kits:
    tools: 1585370813639
  lastteleport: 1585375355478
ipAddress: 168.195.193.46
logoutlocation:
  world: world
  x: -1564.5784822959993
  y: 63.0
  z: 1509.5714544030577
  yaw: 189.69409
  pitch: 27.079107
lastlocation:
  world: world
  x: -1647.5
  y: 63.0000002
  z: 1565.5
  yaw: 14.438402
  pitch: 6.3073015
