lastAccountName: FimoseDeBaleia
timestamps:
  login: 1585439176115
  logout: 1585455834407
  kits:
    tools: 1585370813639
  lastteleport: 1585454906022
ipAddress: 168.195.193.46
logoutlocation:
  world: world
  x: -1565.6057869273825
  y: 63.0
  z: 1469.1609188759912
  yaw: 282.3313
  pitch: 26.8502
lastlocation:
  world: world
  x: -547.45328642534
  y: 63.0
  z: 565.8665809695402
  yaw: 218.27686
  pitch: 10.80042
afk: false
homes:
  home:
    world: world
    x: -1569.6058447198704
    y: 63.0
    z: 1468.2540805966837
    yaw: 95.882324
    pitch: 16.799986
