lastAccountName: Leozin
timestamps:
  login: 1585245546015
  lastteleport: 1585094241181
  logout: 1585245664442
ipAddress: 177.67.193.116
lastlocation:
  world: world
  x: -515.5
  y: 102.0
  z: 384.5
  yaw: 90.1641
  pitch: 20.700218
homes:
  home:
    world: world
    x: -150.4691177195989
    y: 43.0
    z: 443.689685700837
    yaw: 193.44
    pitch: 13.200384
afk: false
logoutlocation:
  world: world
  x: -510.69999998807907
  y: 65.0
  z: 458.30000001192093
  yaw: -14.390497
  pitch: -5.399814
