lastAccountName: Leozin
timestamps:
  login: 1585088221341
  lastteleport: 1585094241181
  logout: 1585094375123
ipAddress: 177.67.193.116
lastlocation:
  world: world
  x: -515.5
  y: 102.0
  z: 384.5
  yaw: 90.1641
  pitch: 20.700218
homes:
  home:
    world: world
    x: -150.4691177195989
    y: 43.0
    z: 443.689685700837
    yaw: 193.44
    pitch: 13.200384
afk: false
logoutlocation:
  world: world
  x: -510.6874616260278
  y: 68.0
  z: 459.0334412896472
  yaw: 177.15857
  pitch: -4.6497817
