lastAccountName: yaya240692
timestamps:
  login: 1585107959347
  logout: 1585114946921
  lastteleport: 1585113477736
ipAddress: 201.86.181.165
logoutlocation:
  world: world
  x: -581.8537465414519
  y: 65.0
  z: 433.0422334702492
  yaw: -51.258587
  pitch: -7.5000463
lastlocation:
  world: world
  x: -534.5
  y: 66.0
  z: 566.5
  yaw: 0.0
  pitch: 0.0
