lastAccountName: yaya240692
timestamps:
  login: 1585252993932
  logout: 1585253467451
  lastteleport: 1585179901983
ipAddress: 177.17.201.69
logoutlocation:
  world: world
  x: -579.4293789480413
  y: 65.0
  z: 434.49744361908677
  yaw: -337.2135
  pitch: 7.5000696
lastlocation:
  world: world
  x: -534.4862113118211
  y: 66.0
  z: 566.2915614512663
  yaw: 0.0
  pitch: 0.0
afk: false
