lastAccountName: yaya240692
timestamps:
  login: 1585286531811
  logout: 1585290700446
  lastteleport: 1585276580809
ipAddress: 179.179.94.41
logoutlocation:
  world: world
  x: -581.0409257616091
  y: 65.0
  z: 437.4691902131549
  yaw: 342.97696
  pitch: 20.24979
lastlocation:
  world: world
  x: -600.1085009919399
  y: 75.0
  z: 335.9823993966529
  yaw: -139.11012
  pitch: 11.249757
afk: false
