lastAccountName: yaya240692
timestamps:
  login: 1585429818124
  logout: 1585429827864
  lastteleport: 1585360947779
ipAddress: 187.25.58.110
logoutlocation:
  world: world
  x: -583.2954443243927
  y: 65.0
  z: 433.853927543602
  yaw: 188.84727
  pitch: 5.399425
lastlocation:
  world: world
  x: -534.5
  y: 66.0
  z: 566.5
  yaw: -12.750003
  pitch: 19.35
afk: false
