lastAccountName: yaya240692
timestamps:
  login: 1585192232350
  logout: 1585196464126
  lastteleport: 1585179901983
ipAddress: 177.17.201.69
logoutlocation:
  world: world
  x: -581.2107501124103
  y: 65.0
  z: 433.7074732283033
  yaw: 323.53845
  pitch: 0.90017617
lastlocation:
  world: world
  x: -534.4862113118211
  y: 66.0
  z: 566.2915614512663
  yaw: 0.0
  pitch: 0.0
afk: false
