lastAccountName: miguel
timestamps:
  login: 1585442815109
  lastteleport: 1585413604089
  logout: 1585444356915
ipAddress: 177.17.204.167
lastlocation:
  world: world
  x: -695.7381980979302
  y: 72.0
  z: 346.79142331446405
  yaw: -359.21457
  pitch: 73.19995
homes:
  home:
    world: world
    x: -474.1970237788445
    y: 84.0
    z: 378.4912624018974
    yaw: 115.9408
    pitch: 29.85
logoutlocation:
  world: world
  x: -527.441203953843
  y: 58.0
  z: 414.3806462779971
  yaw: -0.896378
  pitch: 11.8499775
afk: false
