lastAccountName: Moacyr007
timestamps:
  login: 1585266894316
  logout: 1585267661699
ipAddress: 187.16.37.145
logoutlocation:
  world: world
  x: -637.3555821354786
  y: 77.0
  z: 643.0069569760533
  yaw: 204.85468
  pitch: 32.999813
