lastAccountName: joAo
timestamps:
  login: 1585458252242
  logout: 1585466705748
ipAddress: 187.123.0.34
logoutlocation:
  world: world
  x: -131.14551477877637
  y: 64.0
  z: 523.442949941323
  yaw: -24.418343
  pitch: 25.500006
lastlocation:
  world: world
  x: -580.4403570787288
  y: 65.0
  z: 427.50175800240885
  yaw: 155.55011
  pitch: 56.10006
