lastAccountName: c5k
timestamps:
  login: 1585029497086
  lastteleport: 1585029721469
  logout: 1585029744513
ipAddress: 201.71.174.79
lastlocation:
  world: world
  x: -537.4371813765279
  y: 66.0
  z: 566.084214129037
  yaw: 196.79874
  pitch: 19.499975
logoutlocation:
  world: world
  x: -511.8012187637447
  y: 64.0
  z: 212.6999999880791
  yaw: 46.661446
  pitch: 6.899796
