lastAccountName: Danitinho
timestamps:
  login: 1585262343243
  lastteleport: 1585263140265
  logout: 1585263893449
ipAddress: 177.221.104.43
lastlocation:
  world: world
  x: -534.3581552115912
  y: 66.0
  z: 569.5228377303295
  yaw: 5.9578013
  pitch: -51.55327
logoutlocation:
  world: world
  x: -364.16106167663816
  y: 12.0
  z: 506.30000001192093
  yaw: 92.43033
  pitch: 7.539521
