lastAccountName: TioPotranca00
timestamps:
  login: 1585341847241
  kits:
    tools: 1585340989983
  lastteleport: 1585341016008
  logout: 1585342031175
ipAddress: 187.123.1.223
lastlocation:
  world: world
  x: -534.5
  y: 66.0
  z: 566.5
  yaw: 1.35
  pitch: -1.5000001
logoutlocation:
  world: world
  x: -554.6120037696135
  y: 96.0
  z: 376.0269957288745
  yaw: 176.70006
  pitch: 4.8000298
