lastAccountName: RedShocks
timestamps:
  login: 1585084472247
  lastteleport: 1585086481101
  logout: 1585086708372
ipAddress: 177.132.247.20
lastlocation:
  world: world
  x: -942.6999999880791
  y: 50.0
  z: 372.41124798787837
  yaw: 1.6462708
  pitch: -84.76473
logoutlocation:
  world: world
  x: -768.3000000119209
  y: 60.0
  z: 968.6948441671373
  yaw: 151.21057
  pitch: 12.966644
