lastAccountName: Origami_de_Seda
timestamps:
  login: 1585179600447
  logout: 1585179745387
ipAddress: 177.67.192.14
logoutlocation:
  world: world
  x: -531.0353034018053
  y: 95.0
  z: 375.54856766673356
  yaw: 332.2238
  pitch: 11.849745
