lastAccountName: Bernardo_711
timestamps:
  login: 1585020724364
  logout: 1585020925345
ipAddress: 177.67.212.192
logoutlocation:
  world: world
  x: -692.9451160554473
  y: 80.0
  z: 254.807398450223
  yaw: -218.01605
  pitch: 39.599564
