lastAccountName: zac_kalosiano
timestamps:
  login: 1585467798916
  logout: 1585467943363
ipAddress: 177.200.191.179
logoutlocation:
  world: world
  x: -130.7005176020386
  y: 64.0
  z: 523.9312982170145
  yaw: -68.25021
  pitch: 28.499996
lastlocation:
  world: world
  x: 49.385597160842266
  y: 40.63419873580955
  z: 644.9779696179869
  yaw: 121.50281
  pitch: -12.750199
