lastAccountName: Luunnaaa
timestamps:
  login: 1585163542813
  lastteleport: 1585162748658
  logout: 1585163815176
ipAddress: 201.86.180.117
lastlocation:
  world: world
  x: -461.3018039620767
  y: 12.0
  z: 181.85918256217823
  yaw: -180.05563
  pitch: 10.649813
logoutlocation:
  world: world
  x: -555.0891269614875
  y: 111.5625
  z: 345.3608639267646
  yaw: -6.615448
  pitch: 1.6507286
homes:
  home:
    world: world
    x: -554.5
    y: 111.6875
    z: 344.5
    yaw: 184.03003
    pitch: 0.0
afk: false
