lastAccountName: Luunnaaa
timestamps:
  login: 1585105166115
  lastteleport: 1585108139399
  logout: 1585110136980
ipAddress: 179.95.229.161
lastlocation:
  world: world
  x: -652.3000000119209
  y: 36.0
  z: 329.5580990599721
  yaw: 276.12964
  pitch: -21.150112
logoutlocation:
  world: world
  x: -555.151997154898
  y: 111.0
  z: 346.3034924709594
  yaw: 178.17542
  pitch: 18.900158
homes:
  home:
    world: world
    x: -554.5
    y: 111.6875
    z: 344.5
    yaw: 184.03003
    pitch: 0.0
afk: false
