lastAccountName: Luunnaaa
timestamps:
  login: 1585017449054
  lastteleport: 1585021638627
  logout: 1585021875121
ipAddress: 179.95.229.161
lastlocation:
  world: world_nether
  x: 467.6908808539319
  y: 67.0
  z: 667.0588597760882
  yaw: 261.26288
  pitch: 2.6998827
logoutlocation:
  world: world
  x: -551.7143861161367
  y: 106.0
  z: 345.7356985688385
  yaw: -57.917233
  pitch: 11.549743
homes:
  home:
    world: world
    x: -554.5
    y: 111.6875
    z: 344.5
    yaw: 184.03003
    pitch: 0.0
