lastAccountName: hentai
timestamps:
  login: 1585019392338
  lastteleport: 1585021310887
  logout: 1585022313873
ipAddress: 189.59.32.248
lastlocation:
  world: world
  x: -696.7611691092627
  y: 64.0
  z: 575.9530561646978
  yaw: -332.67328
  pitch: 26.549976
logoutlocation:
  world: world
  x: -635.9755730762107
  y: 13.0
  z: 568.6315476332626
  yaw: -78.393135
  pitch: 11.84964
