lastAccountName: otaviobrandao10
timestamps:
  login: 1585281008195
  lastteleport: 1585273741659
  logout: 1585285234264
ipAddress: 177.64.246.221
lastlocation:
  world: world
  x: -534.5
  y: 66.0
  z: 566.5
  yaw: 0.0
  pitch: 0.0
logoutlocation:
  world: world
  x: -576.2309196627114
  y: 71.0
  z: 279.58276805361635
  yaw: 16.859192
  pitch: 23.099558
