lastAccountName: otaviobrandao10
timestamps:
  login: 1585182979613
  lastteleport: 1585184430837
  logout: 1585198594874
ipAddress: 177.64.246.221
lastlocation:
  world: world
  x: -534.5
  y: 66.0
  z: 566.5
  yaw: 0.0
  pitch: 0.0
logoutlocation:
  world: world
  x: -576.3298608874596
  y: 71.0
  z: 266.360958031173
  yaw: -321.55408
  pitch: 1.7997118
