lastAccountName: otaviobrandao10
timestamps:
  login: 1585354165825
  lastteleport: 1585273741659
  logout: 1585354212894
ipAddress: 177.64.246.221
lastlocation:
  world: world
  x: -534.5
  y: 66.0
  z: 566.5
  yaw: 0.0
  pitch: 0.0
logoutlocation:
  world: world
  x: -578.0054448197528
  y: 71.0
  z: 275.3144645038743
  yaw: 24.209618
  pitch: 0.14961512
