lastAccountName: marcelolo
timestamps:
  login: 1585231986023
  logout: 1585232477441
  lastteleport: 1585195985727
ipAddress: 160.20.89.75
logoutlocation:
  world: world
  x: -577.8516854831679
  y: 65.0
  z: 434.38552579075974
  yaw: -176.25775
  pitch: 16.499977
lastlocation:
  world: world
  x: -434.157156029229
  y: 59.0
  z: 386.8547857437815
  yaw: 138.751
  pitch: 27.000023
