lastAccountName: marcelolo
timestamps:
  login: 1585197859741
  logout: 1585198758823
  lastteleport: 1585195985727
ipAddress: 160.20.89.75
logoutlocation:
  world: world
  x: -579.8438697962869
  y: 65.0
  z: 434.7630023509509
  yaw: -99.31592
  pitch: 12.45117
lastlocation:
  world: world
  x: -434.157156029229
  y: 59.0
  z: 386.8547857437815
  yaw: 138.751
  pitch: 27.000023
