lastAccountName: marcelolo
timestamps:
  login: 1585320013553
  logout: 1585320315101
  lastteleport: 1585283793221
ipAddress: 160.20.89.75
logoutlocation:
  world: world
  x: -579.3873243681157
  y: 65.0
  z: 436.8346847768066
  yaw: -52.127625
  pitch: 22.199852
lastlocation:
  world: world
  x: -223.61793556401503
  y: 9.0
  z: 364.9616915647591
  yaw: -10.435527
  pitch: 26.250736
