lastAccountName: marcelolo
timestamps:
  login: 1585365807893
  logout: 1585366090186
  lastteleport: 1585364344761
ipAddress: 160.20.89.75
logoutlocation:
  world: world
  x: -579.6058132192693
  y: 65.0
  z: 437.19256424324914
  yaw: -114.59973
  pitch: 33.59999
lastlocation:
  world: world
  x: -544.6999999880791
  y: 18.0
  z: -111.69999998807907
  yaw: -108.16548
  pitch: 17.399706
