lastAccountName: marcelolo
timestamps:
  login: 1585271392456
  logout: 1585286135558
  lastteleport: 1585283793221
ipAddress: 160.20.89.75
logoutlocation:
  world: world
  x: -578.2788757954102
  y: 65.0
  z: 436.75298244029904
  yaw: 284.62122
  pitch: 25.049952
lastlocation:
  world: world
  x: -223.61793556401503
  y: 9.0
  z: 364.9616915647591
  yaw: -10.435527
  pitch: 26.250736
