lastAccountName: marcelolo
timestamps:
  login: 1585106863246
  logout: 1585112598632
  lastteleport: 1585111506096
ipAddress: 160.20.89.75
logoutlocation:
  world: world
  x: -889.6925824686743
  y: 16.0
  z: 530.5380277173506
  yaw: -92.01163
  pitch: -42.000484
lastlocation:
  world: world
  x: -889.6925824686743
  y: 16.0
  z: 530.5380277173506
  yaw: -92.01163
  pitch: -42.000484
