lastAccountName: Vin diesel
timestamps:
  login: 1585354235260
  lastteleport: 1585354345441
  logout: 1585355673834
ipAddress: 168.195.193.63
lastlocation:
  world: world
  x: -534.2047214170944
  y: 66.0
  z: 566.3438502886089
  yaw: -342.3004
  pitch: 19.79995
logoutlocation:
  world: world
  x: -534.5
  y: 66.0
  z: 566.5
  yaw: -183.0
  pitch: 21.449951
