lastAccountName: Lucas
timestamps:
  login: 1585434565564
  lastteleport: 1585439344410
  logout: 1585439958013
ipAddress: 179.217.120.129
lastlocation:
  world: world
  x: -534.5
  y: 66.0
  z: 566.5
  yaw: 4.950003
  pitch: -14.849986
logoutlocation:
  world: world
  x: -528.3000000119209
  y: 103.0
  z: 281.69999998807907
  yaw: -119.804054
  pitch: 14.25194
afk: false
