lastAccountName: Lucas
timestamps:
  login: 1585379473489
  lastteleport: 1585379512206
  logout: 1585382249573
ipAddress: 179.217.120.129
lastlocation:
  world: world
  x: -534.5
  y: 66.0
  z: 566.5
  yaw: 0.7500001
  pitch: -3.1500008
logoutlocation:
  world: world
  x: -509.3200387898705
  y: 100.0
  z: 289.71498201837414
  yaw: 87.479126
  pitch: -13.349872
afk: false
