lastAccountName: Lucas
timestamps:
  login: 1585025464999
  lastteleport: 1585025495485
  logout: 1585031408611
ipAddress: 179.217.120.129
lastlocation:
  world: world
  x: -468.5
  y: 84.0000002
  z: 378.5
  yaw: -4.5
  pitch: 4.0500007
logoutlocation:
  world: world
  x: -510.1714859882462
  y: 101.0
  z: 290.44990317582216
  yaw: 5.6365967
  pitch: 10.499631
