lastAccountName: renerareman
timestamps:
  login: 1585445680045
  lastteleport: 1585454566610
  logout: 1585456496005
ipAddress: 187.123.2.255
lastlocation:
  world: world
  x: -563.5048718946479
  y: 88.0
  z: 391.78173061017895
  yaw: -70.80249
  pitch: -47.250286
logoutlocation:
  world: world
  x: -538.7229496929967
  y: 101.0
  z: 378.17022480397725
  yaw: -337.35046
  pitch: -4.349956
