lastAccountName: renerareman
timestamps:
  login: 1585002922801
  lastteleport: 1585001917642
  logout: 1585002922578
ipAddress: 187.123.2.255
lastlocation:
  world: world
  x: -536.0068487850601
  y: 66.0
  z: 564.1788530903352
  yaw: 188.1
  pitch: 11.100001
logoutlocation:
  world: world
  x: -713.8656302155496
  y: 111.0
  z: 376.43870897645087
  yaw: -173.03023
  pitch: -21.299997
