lastAccountName: renerareman
timestamps:
  login: 1585185071581
  lastteleport: 1585188894694
  logout: 1585189031933
ipAddress: 187.123.2.255
lastlocation:
  world: world
  x: -717.5
  y: 111.0000002
  z: 371.5
  yaw: 0.0
  pitch: 0.0
logoutlocation:
  world: world
  x: -639.3000000119209
  y: 10.0
  z: 1022.3000000119209
  yaw: 46.64914
  pitch: 42.000015
