lastAccountName: renerareman
timestamps:
  login: 1585023572629
  lastteleport: 1585025502904
  logout: 1585026861666
ipAddress: 187.123.2.255
lastlocation:
  world: world
  x: -689.7096755517849
  y: 11.0
  z: 1076.416786877549
  yaw: 135.39435
  pitch: 31.650114
logoutlocation:
  world: world
  x: -715.5517359876568
  y: 111.0
  z: 378.23965560938944
  yaw: 197.99658
  pitch: 6.2998753
