lastAccountName: scardrain
timestamps:
  login: 1585281534437
  logout: 1585288685054
  lastteleport: 1585288282172
  kits:
    tools: 1585097083290
ipAddress: 187.123.3.10
lastlocation:
  world: world
  x: -918.0810332893326
  y: 8.5
  z: 233.16381991714445
  yaw: 122.43334
  pitch: 10.950035
logoutlocation:
  world: world
  x: -1496.9446569242418
  y: 121.5625
  z: 1152.0416686363176
  yaw: 115.50415
  pitch: 12.450157
homes:
  home:
    world: world
    x: -1505.762499988079
    y: 112.0
    z: 1142.034655625384
    yaw: 231.0032
    pitch: 5.7001057
afk: false
