lastAccountName: scardrain
timestamps:
  login: 1585084060624
  logout: 1585115704419
  lastteleport: 1585115638537
  kits:
    tools: 1585097083290
ipAddress: 187.123.3.10
lastlocation:
  world: world
  x: -557.1522962739733
  y: 10.0
  z: 378.87844212389496
  yaw: 67.07825
  pitch: 3.3000104
logoutlocation:
  world: world
  x: -556.3000000119209
  y: 10.0
  z: 373.30000001192093
  yaw: 52.958984
  pitch: -4.8000736
homes:
  home:
    world: world
    x: -560.3893471135907
    y: 101.5
    z: 383.57072185833647
    yaw: 355.5083
    pitch: 6.149901
afk: false
