lastAccountName: scardrain
timestamps:
  login: 1585254361754
  logout: 1585253565799
  lastteleport: 1585254774969
  kits:
    tools: 1585097083290
ipAddress: 187.123.3.10
lastlocation:
  world: world
  x: -565.4764883492446
  y: 97.0
  z: 382.6793391671204
  yaw: -158.84705
  pitch: 26.549835
logoutlocation:
  world: world
  x: -1502.3367384233936
  y: 112.5625
  z: 1147.300000011921
  yaw: 44.252808
  pitch: -0.7500196
homes:
  home:
    world: world
    x: -1500.3803062585202
    y: 111.5
    z: 1134.670381442629
    yaw: -140.54665
    pitch: 19.350113
afk: false
