lastAccountName: scardrain
timestamps:
  login: 1585323414180
  logout: 1585323487691
  lastteleport: 1585288282172
  kits:
    tools: 1585097083290
ipAddress: 187.123.3.10
lastlocation:
  world: world
  x: -918.0810332893326
  y: 8.5
  z: 233.16381991714445
  yaw: 122.43334
  pitch: 10.950035
logoutlocation:
  world: world
  x: -1496.484609745267
  y: 121.5
  z: 1149.300000011921
  yaw: 83.404495
  pitch: 10.050028
homes:
  home:
    world: world
    x: -1505.762499988079
    y: 112.0
    z: 1142.034655625384
    yaw: 231.0032
    pitch: 5.7001057
afk: false
