lastAccountName: scardrain
timestamps:
  login: 1584978705602
  logout: 1584979617044
ipAddress: 187.123.3.10
lastlocation:
  world: world
  x: -533.544291566552
  y: 65.29673560066871
  z: 548.842742023797
  yaw: -1.5004516
  pitch: 18.449938
logoutlocation:
  world: world
  x: -555.1639543520191
  y: 106.5
  z: 381.79010845664266
  yaw: 79.05278
  pitch: 28.350231
