lastAccountName: scardrain
timestamps:
  login: 1585212141561
  logout: 1585212164978
  lastteleport: 1585191070800
  kits:
    tools: 1585097083290
ipAddress: 187.123.3.10
lastlocation:
  world: world
  x: -918.8967265917335
  y: 9.0
  z: 233.52616395967567
  yaw: 52.083252
  pitch: 8.10023
logoutlocation:
  world: world
  x: -560.5296708919792
  y: 102.0
  z: 384.13749998807907
  yaw: -8.841539
  pitch: 13.500001
homes:
  home:
    world: world
    x: -560.3893471135907
    y: 101.5
    z: 383.57072185833647
    yaw: 355.5083
    pitch: 6.149901
afk: false
