lastAccountName: scardrain
timestamps:
  login: 1585458769681
  logout: 1585461765164
  lastteleport: 1585461062376
  kits:
    tools: 1585097083290
ipAddress: 187.123.3.10
lastlocation:
  world: world
  x: -1498.863205025833
  y: 70.0
  z: 1056.6189160811325
  yaw: 113.85327
  pitch: 14.85001
logoutlocation:
  world: world
  x: -1497.2229277468734
  y: 121.5625
  z: 1151.4349178397683
  yaw: 186.44922
  pitch: 25.80001
homes:
  home:
    world: world
    x: -1505.2463069617572
    y: 112.0
    z: 1144.189651121097
    yaw: -125.39591
    pitch: 12.150202
afk: false
