lastAccountName: scardrain
timestamps:
  login: 1585016250006
  logout: 1585026044616
  lastteleport: 1585026031067
ipAddress: 187.123.3.10
lastlocation:
  world: world
  x: -507.3892854744662
  y: 76.0
  z: 330.48750001192093
  yaw: -129.13852
  pitch: 17.550308
logoutlocation:
  world: world
  x: -560.7704669117533
  y: 102.0
  z: 384.13749998807907
  yaw: 345.45844
  pitch: 18.599895
homes:
  home:
    world: world
    x: -560.3893471135907
    y: 101.5
    z: 383.57072185833647
    yaw: 355.5083
    pitch: 6.149901
afk: false
