lastAccountName: scardrain
timestamps:
  login: 1584982760879
  logout: 1584985272870
ipAddress: 187.123.3.10
lastlocation:
  world: world
  x: -533.544291566552
  y: 65.29673560066871
  z: 548.842742023797
  yaw: -1.5004516
  pitch: 18.449938
logoutlocation:
  world: world
  x: -563.6571493907859
  y: 107.0
  z: 378.30000001192093
  yaw: -7.5388184
  pitch: 12.749873
