lastAccountName: scardrain
timestamps:
  login: 1585420387987
  logout: 1585411274036
  lastteleport: 1585383685652
  kits:
    tools: 1585097083290
ipAddress: 187.123.3.10
lastlocation:
  world: world
  x: -1461.9124031097049
  y: 64.9375
  z: 1175.5848832074523
  yaw: 105.30524
  pitch: 18.300259
logoutlocation:
  world: world
  x: -1488.2040786196885
  y: 65.0
  z: 1154.300000011921
  yaw: 25.89087
  pitch: 8.55051
homes:
  home:
    world: world
    x: -1505.2463069617572
    y: 112.0
    z: 1144.189651121097
    yaw: -125.39591
    pitch: 12.150202
afk: false
