lastAccountName: NevahLjubnyi
timestamps:
  login: 1585213074581
  logout: 1585213114330
ipAddress: 179.216.202.191
logoutlocation:
  world: world
  x: -541.5148994757516
  y: 63.0
  z: 564.271666772395
  yaw: 295.51974
  pitch: 2.099978
