lastAccountName: Izzorab
timestamps:
  login: 1585330917113
  logout: 1585320471598
  lastteleport: 1585338478532
ipAddress: 201.71.165.4
logoutlocation:
  world: world
  x: -725.3736381266705
  y: 96.0
  z: 75.10136969245919
  yaw: 6.199585
  pitch: 19.799824
lastlocation:
  world: world
  x: -724.5
  y: 96.0000002
  z: 77.5
  yaw: 0.0
  pitch: 0.0
homes:
  home:
    world: world
    x: -726.622884048716
    y: 91.0
    z: 79.34356633998871
    yaw: -11.129883
    pitch: 29.850039
