lastAccountName: Izzorab
timestamps:
  login: 1585329583637
  logout: 1585320471598
  lastteleport: 1585283067745
ipAddress: 201.71.165.4
logoutlocation:
  world: world
  x: -725.3736381266705
  y: 96.0
  z: 75.10136969245919
  yaw: 6.199585
  pitch: 19.799824
lastlocation:
  world: world
  x: -534.5
  y: 66.0
  z: 566.5
  yaw: 2.2500002
  pitch: -1.8000001
