lastAccountName: Izzorab
timestamps:
  login: 1585448004696
  logout: 1585461868154
  lastteleport: 1585461848959
ipAddress: 201.71.165.4
logoutlocation:
  world: world
  x: -728.3521466326326
  y: 91.0
  z: 80.50401720640227
  yaw: -14.879701
  pitch: 8.400076
lastlocation:
  world: world
  x: -762.9532906913611
  y: 70.0
  z: 24.032767210758152
  yaw: 69.56256
  pitch: 38.999878
homes:
  home:
    world: world
    x: -726.622884048716
    y: 91.0
    z: 79.34356633998871
    yaw: -11.129883
    pitch: 29.850039
afk: false
