lastAccountName: Izzorab
timestamps:
  login: 1585279888340
  logout: 1585286097508
  lastteleport: 1585283067745
ipAddress: 201.71.165.4
logoutlocation:
  world: world
  x: -723.9094086584635
  y: 96.0
  z: 74.28033935847661
  yaw: 11.906988
  pitch: 5.0999966
lastlocation:
  world: world
  x: -534.5
  y: 66.0
  z: 566.5
  yaw: 2.2500002
  pitch: -1.8000001
