lastAccountName: HiagoTI
timestamps:
  login: 1585105125063
  logout: 1585112537980
  lastteleport: 1585112458385
  kits:
    tools: 1585087879697
ipAddress: 179.217.112.237
logoutlocation:
  world: world
  x: -552.1439467534274
  y: 102.0
  z: 345.8793961309405
  yaw: -118.95055
  pitch: 22.05001
lastlocation:
  world: world
  x: -930.8573251877962
  y: 17.0
  z: 297.41930699261434
  yaw: 107.04118
  pitch: 43.800194
homes:
  home:
    world: world
    x: 1393.1472251892046
    y: 36.0
    z: -1049.3624737839814
    yaw: -93.56079
    pitch: 35.5507
