lastAccountName: HiagoTI
timestamps:
  login: 1585159789639
  logout: 1585163348079
  lastteleport: 1585163334735
  kits:
    tools: 1585087879697
ipAddress: 179.217.112.237
logoutlocation:
  world: world
  x: -551.3476980195113
  y: 102.0
  z: 347.37770516050114
  yaw: 272.2309
  pitch: 49.650013
lastlocation:
  world: world
  x: -481.07697937426843
  y: 68.0
  z: 24.628714703987868
  yaw: -176.41743
  pitch: 36.0001
homes:
  home:
    world: world
    x: -550.8915095074955
    y: 102.0
    z: 347.4416828363965
    yaw: 278.53024
    pitch: 29.999983
