lastAccountName: HiagoTI
timestamps:
  login: 1585025444019
  logout: 1585028307324
  lastteleport: 1585028269639
  kits:
    tools: 1585026589948
ipAddress: 179.217.112.237
logoutlocation:
  world: world
  x: -554.0688940708262
  y: 106.0
  z: 345.9170542952286
  yaw: -162.75055
  pitch: 25.200096
lastlocation:
  world: world
  x: -461.0934457834712
  y: 63.0
  z: 258.92479853321385
  yaw: -263.73767
  pitch: 26.100029
homes:
  home:
    world: world
    x: -554.9761908769809
    y: 102.0
    z: 350.61595856665923
    yaw: -94.049225
    pitch: 11.700013
