lastAccountName: HiagoTI
timestamps:
  login: 1584983180543
  logout: 1584985274567
ipAddress: 179.217.112.237
logoutlocation:
  world: world
  x: -643.9078006034482
  y: 42.0
  z: 317.4726604528275
  yaw: -54.791992
  pitch: 30.451223
