lastAccountName: Kabal256
timestamps:
  login: 1584986657722
  lastteleport: 1585004666506
ipAddress: 187.123.17.15
homes:
  home:
    world: world
    x: -670.0282360648449
    y: 104.0
    z: 386.2736350328088
    yaw: 114.26044
    pitch: 40.949978
lastlocation:
  world: world
  x: -669.5
  y: 104.0000002
  z: 387.5
  yaw: 0.6000001
  pitch: 3.2999997
