lastAccountName: Iziodoro
timestamps:
  login: 1585404988392
  lastteleport: 1585418357320
  logout: 1585352651587
ipAddress: 187.123.1.13
lastlocation:
  world: world
  x: -724.5
  y: 96.0000002
  z: 84.5
  yaw: -55.35
  pitch: 65.10001
logoutlocation:
  world: world
  x: -729.6920540690562
  y: 91.0
  z: 82.25116463612191
  yaw: 295.62317
  pitch: 17.999992
afk: false
homes:
  home:
    world: world
    x: -725.2800031854786
    y: 91.0
    z: 81.48329600189929
    yaw: 164.81934
    pitch: 20.849976
