lastAccountName: Iziodoro
timestamps:
  login: 1585270200599
  lastteleport: 1585284589832
  logout: 1585286105462
ipAddress: 187.123.1.13
lastlocation:
  world: world
  x: -534.5
  y: 66.0
  z: 566.5
  yaw: 0.0
  pitch: 0.0
logoutlocation:
  world: world
  x: -724.700000025332
  y: 96.0000002
  z: 84.29999997466803
  yaw: 34.72873
  pitch: 16.650005
