lastAccountName: Iziodoro
timestamps:
  login: 1585336893108
  lastteleport: 1585338579073
  logout: 1585336870419
ipAddress: 187.123.1.13
lastlocation:
  world: world
  x: -724.5
  y: 96.0000002
  z: 84.5
  yaw: 0.0
  pitch: 0.0
logoutlocation:
  world: world
  x: -807.3324224307232
  y: 11.0
  z: -195.69999998807907
  yaw: 137.77057
  pitch: 4.199977
