lastAccountName: Iziodoro
timestamps:
  login: 1585444562976
  lastteleport: 1585446443622
  logout: 1585446622950
ipAddress: 187.123.1.13
lastlocation:
  world: world
  x: -1578.7728112747518
  y: 64.0
  z: 1404.3120338698006
  yaw: -181.50069
  pitch: 33.599983
logoutlocation:
  world: world
  x: -730.0333806260941
  y: 91.0
  z: 81.36338381447602
  yaw: 80.969986
  pitch: -19.950153
afk: false
homes:
  home:
    world: world
    x: -725.2800031854786
    y: 91.0
    z: 81.48329600189929
    yaw: 164.81934
    pitch: 20.849976
