lastAccountName: geanksf
timestamps:
  login: 1585361110764
  lastteleport: 1585377466507
  logout: 1585379488076
ipAddress: 177.220.172.212
afk: false
lastlocation:
  world: world
  x: -534.5
  y: 66.0
  z: 566.5
  yaw: -2.8500006
  pitch: 12.449993
homes:
  home:
    world: world
    x: -1136.860444101405
    y: 64.0
    z: 1341.300000011921
    yaw: 333.52936
    pitch: 35.550125
logoutlocation:
  world: world
  x: -1141.9128672323714
  y: 65.0
  z: 1339.0740457923755
  yaw: -324.46826
  pitch: 34.34999
