lastAccountName: geanksf
timestamps:
  login: 1585449354633
  lastteleport: 1585456946091
  logout: 1585457998506
ipAddress: 177.220.172.212
afk: false
lastlocation:
  world: world
  x: -904.4352932547463
  y: 39.0
  z: 1567.1754093512275
  yaw: -184.87462
  pitch: 41.10008
homes:
  home:
    world: world
    x: -1136.860444101405
    y: 64.0
    z: 1341.300000011921
    yaw: 333.52936
    pitch: 35.550125
logoutlocation:
  world: world
  x: -1141.689601389611
  y: 65.0
  z: 1335.8531423508898
  yaw: -291.52454
  pitch: -19.05019
