world: world
x: -546.6342717380682
y: 69.0
z: 460.4605383130593
yaw: 271.95126
pitch: 13.500022
name: MesaEncantamento
lastowner: 744d48f7-5a5b-3296-be48-acae5a077adb
