world: world
x: -918.73973306375
y: 9.5
z: 235.9977598591896
yaw: 216.33337
pitch: 29.10022
name: mobtrap
lastowner: 744d48f7-5a5b-3296-be48-acae5a077adb
