world: world
x: 1386.3395218364094
y: 33.0
z: -1049.417858608918
yaw: 271.23932
pitch: 2.5507505
name: PortalEnd
lastowner: 744d48f7-5a5b-3296-be48-acae5a077adb
