world: world
x: -542.9722159129536
y: 63.0
z: 565.7561778186821
yaw: 90.15117
pitch: 13.949933
name: PortalEnder
lastowner: 744d48f7-5a5b-3296-be48-acae5a077adb
