world: world
x: -542.6754855244099
y: 63.0
z: 565.8591995982957
yaw: 90.00116
pitch: -0.15000844
name: PortalNether
lastowner: 744d48f7-5a5b-3296-be48-acae5a077adb
