world: world
x: -533.8884594861292
y: 66.0
z: 565.7131863846658
yaw: 359.24847
pitch: -4.20003
name: Spawn
lastowner: 744d48f7-5a5b-3296-be48-acae5a077adb
