world: world
x: -538.4427750357107
y: 102.0
z: 385.5924952990953
yaw: -180.29836
pitch: 5.699883
name: Vila
lastowner: 744d48f7-5a5b-3296-be48-acae5a077adb
