world: world
x: -539.0536617065625
y: 102.0
z: 386.87134545057404
yaw: -178.95044
pitch: 8.400007
name: Vila
lastowner: 744d48f7-5a5b-3296-be48-acae5a077adb
